0 0.99994606149860332 -0.00491769189710967 -0.00914824572453421 0.00087574619101360 0.00491853611523694 0.99998790149303529 0.00006978566263336 -0.00224698521196842 0.00914779186003193 -0.00011477787548649 0.99995815148941358 -0.00079004192957655 0.0 0.0 0.0 1.0
1 0.99994721116941998 -0.00482172411859071 -0.00907335941222713 0.00087514374172315 0.00482523480457284 0.99998829184755966 0.00036507106244098 -0.00224716984666884 0.00907149290800521 -0.00040883288039679 0.99995876958607444 -0.00079018471296877 0.0 0.0 0.0 1.0
2 0.99994244941113208 -0.00532587108336398 -0.00931305335905003 0.00087986554717645 0.00530909133425154 0.99998424035126188 -0.00182554055389947 -0.00224563106894493 0.00932262918224793 0.00177599164208164 0.99995496620538737 -0.00078931835014373 0.0 0.0 0.0 1.0
3 0.99994269160933502 -0.00496761682273766 -0.00948347405650484 0.00087875110330060 0.00495465261784531 0.99998675952042326 -0.00139003643101230 -0.00224573467858136 0.00949025365911920 0.00134296945070114 0.99995406470424419 -0.00079026067396626 0.0 0.0 0.0 1.0
4 0.99994324058115225 -0.00546317820474317 -0.00914709243241326 0.00087991845794022 0.00544701846785205 0.99998356167350655 -0.00179063468613731 -0.00224576913751662 0.00915672462591135 0.00174070866934665 0.99995656122026311 -0.00078885961556807 0.0 0.0 0.0 1.0
5 0.99994525817007673 -0.00508603966281661 -0.00914400698417170 0.00087994773639366 0.00506976133360711 0.99998552412062147 -0.00180251746898575 -0.00224546110257506 0.00915304229196974 0.00175606086283845 0.99995656809035816 -0.00078970671165735 0.0 0.0 0.0 1.0
6 0.99994450765853782 -0.00513006336266355 -0.00920130715819112 0.00087614421499893 0.00512911539095909 0.99998683798462751 -0.00012662074358152 -0.00224697962403297 0.00920183562288246 0.00007941915093796 0.99995765906050638 -0.00078961608232930 0.0 0.0 0.0 1.0
7 0.99994391723808163 -0.00527794932598649 -0.00918180970576164 0.00087816320592538 0.00526880349099828 0.99998559956526700 -0.00101998620918045 -0.00224630651064217 0.00918706091923550 0.00097155185450532 0.99995732608879895 -0.00078928924631327 0.0 0.0 0.0 1.0
8 0.99994345054215894 -0.00520339744728621 -0.00927471686070362 0.00087920710211620 0.00518952844228467 0.99998538092005318 -0.00151879581335832 -0.00224580592475832 0.00928248417113453 0.00147057851933574 0.99995583546796252 -0.00078955094795674 0.0 0.0 0.0 1.0
9 0.99994353520937296 -0.00532298927712138 -0.00919740061849623 0.00087740656454116 0.00531688430178495 0.99998562852946293 -0.00068809581905509 -0.00224663573317230 0.00920093116499069 0.00063915545090303 0.99995746626844417 -0.00078919332008809 0.0 0.0 0.0 1.0
10 0.99994323446680922 -0.00546951503114654 -0.00914397339125671 0.00087832048302516 0.00545989582152163 0.99998451510961284 -0.00107660513219185 -0.00224640732631087 0.00914972030578418 0.00102661887601646 0.99995761343769429 -0.00078882713569328 0.0 0.0 0.0 1.0
11 0.99994296940102922 -0.00559164141904137 -0.00909898300325242 0.00087851699208841 0.00558143660357897 0.99998376637301878 -0.00114654082882389 -0.00224644085392356 0.00910524633894351 0.00109569004412398 0.99995794609195177 -0.00078851933358237 0.0 0.0 0.0 1.0
12 0.99994259284389242 -0.00542496057757305 -0.00924017420643274 0.00087775842985138 0.00541724047039911 0.99998495656640973 -0.00086031770954969 -0.00224656402133405 0.00924470239214420 0.00081021207549201 0.99995693858989398 -0.00078900618245825 0.0 0.0 0.0 1.0
13 0.99994438979977451 -0.00545499806849277 -0.00902553621838962 0.00087699654977769 0.00545121321998627 0.99998504350331696 -0.00044389649630540 -0.00224695494398475 0.00902782268251706 0.00039467168878121 0.99995917049241123 -0.00078873988240957 0.0 0.0 0.0 1.0
14 0.99994390112646558 -0.00540208334633562 -0.00911109738200350 0.00087672378867865 0.00539909274331856 0.99998536255702264 -0.00035280199698854 -0.00224699429236352 0.00911286988462759 0.00030359054543509 0.99995843085362635 -0.00078893150202930 0.0 0.0 0.0 1.0
15 0.99994689554788851 -0.00550484608354462 -0.00871221864605443 0.00087861716747284 0.00549585945794551 0.99998434102161693 -0.00105510207125516 -0.00224645179696381 0.00871789039611567 0.00100716491139214 0.99996149126147982 -0.00078836671309546 0.0 0.0 0.0 1.0
16 0.99994615067788606 -0.00546744508644603 -0.00882058890920082 0.00087493855971843 0.00547247774920947 0.99998487653524426 0.00054652362887025 -0.00224783830344677 0.00881746742340603 -0.00059476467548384 0.99996094849909911 -0.00078850460704416 0.0 0.0 0.0 1.0
17 0.99994717231027419 -0.00525864280848864 -0.00883171922667823 0.00087763631017879 0.00525301820849814 0.99998598504121228 -0.00065994004051847 -0.00224660802632570 0.00883506583944535 0.00061351199550068 0.99996078183828963 -0.00078901636879891 0.0 0.0 0.0 1.0
18 0.99994603731354403 -0.00545346157260249 -0.00884207090087809 0.00087551784235984 0.00545615831352907 0.99998507560560301 0.00028089591289595 -0.00224759313277900 0.00884040708325780 -0.00032912449365251 0.99996086867420453 -0.00078856450272724 0.0 0.0 0.0 1.0
19 0.99994456989209324 -0.00566242209495639 -0.00887660516951150 0.00087901717051864 0.00565308952764089 0.99998344215109425 -0.00107610521884404 -0.00224654353223741 0.00888255155399198 0.00102586532649087 0.99996002314003674 -0.00078820384806022 0.0 0.0 0.0 1.0
20 0.99994508039061147 -0.00566083139619592 -0.00881993143496937 0.00087907374836504 0.00565150037276305 0.99998344421854235 -0.00108251205904924 -0.00224653817713261 0.00882591333236268 0.00103260676211733 0.99996051770913652 -0.00078822893556207 0.0 0.0 0.0 1.0
21 0.99994933565903210 -0.00549586278220147 -0.00843336275391920 0.00087743852054700 0.00549243175276673 0.99998482405456146 -0.00042994651859336 -0.00224699685350060 0.00843559769673606 0.00038360506626412 0.99996434613372687 -0.00078812683932483 0.0 0.0 0.0 1.0
22 0.99994746981683558 -0.00554860164764113 -0.00861804076714949 0.00087578553939238 0.00555089710686416 0.99998456425848592 0.00024245839843828 -0.00224763271398842 0.00861656243623079 -0.00029028351961541 0.99996283460299695 -0.00078815442975610 0.0 0.0 0.0 1.0
23 0.99994694702162656 -0.00555028701948736 -0.00867741068116476 0.00087608234025538 0.00555125986288808 0.99998458776353394 0.00008803027715680 -0.00224749837070704 0.00867678834955480 -0.00013619616851655 0.99996234668838435 -0.00078820739872754 0.0 0.0 0.0 1.0
24 0.99995027797018265 -0.00538370776763849 -0.00839388336988326 0.00087721325689927 0.00538124905823456 0.99998547121162173 -0.00031547463343519 -0.00224700919352472 0.00839545984016262 0.00027028937041694 0.99996472097655953 -0.00078834302257746 0.0 0.0 0.0 1.0
25 0.99995328129980676 -0.00550754103350136 -0.00794368991804659 0.00087668467313051 0.00550867119948678 0.99998481990762034 0.00012039908641018 -0.00224746484309435 0.00794290622919099 -0.00016415263739055 0.99996844114929251 -0.00078733020927757 0.0 0.0 0.0 1.0
26 0.99995350751870427 -0.00540960703789704 -0.00798241521950024 0.00087573647033423 0.00541369386013509 0.99998522557507608 0.00049045932877581 -0.00224774004891515 0.00797964409166912 -0.00053365087836749 0.99996801973708660 -0.00078791176201776 0.0 0.0 0.0 1.0
27 0.99995265897445940 -0.00535502236723574 -0.00812425660319692 0.00087699136929587 0.00535468078060216 0.99998566155906965 -0.00006379661138221 -0.00224719149991870 0.00812448174630442 0.00002029079049538 0.99996699564767511 -0.00078794680302963 0.0 0.0 0.0 1.0
28 0.99995504987459194 -0.00523817697255145 -0.00790314698752392 0.00087674090173095 0.00523925771645583 0.99998626826109582 0.00011605097222018 -0.00224723946303129 0.00790243056804264 -0.00015745237955309 0.99996876291205483 -0.00078794261207804 0.0 0.0 0.0 1.0
29 0.99995517923999411 -0.00519311020240571 -0.00791650917614301 0.00087615993106738 0.00519584496899172 0.99998644871813958 0.00032492328480684 -0.00224742223508656 0.00791471453487048 -0.00036604167587311 0.99996861116103153 -0.00078833801671863 0.0 0.0 0.0 1.0
30 0.99996154822799610 -0.00510536199609230 -0.00713003116107819 0.00087384454673156 0.00511716399062086 0.99998556570584884 0.00163799042927517 -0.00224850582890213 0.00712156571002352 -0.00167441298435012 0.99997323946343453 -0.00078780774492770 0.0 0.0 0.0 1.0
31 0.99995653331822143 -0.00518934731456461 -0.00774610538615296 0.00087657960830256 0.00519104142412287 0.99998650672945377 0.00019861509793122 -0.00224730698391795 0.00774497018313223 -0.00023881681872710 0.99996997875105698 -0.00078819983173162 0.0 0.0 0.0 1.0
32 0.99996101220327094 -0.00503023949734610 -0.00725746264260804 0.00087387673556805 0.00504070829393050 0.99998628034126158 0.00142491724072146 -0.00224822107702494 0.00725019539771255 -0.00146144443847321 0.99997264904938676 -0.00078774540452287 0.0 0.0 0.0 1.0
33 0.99996082992646318 -0.00505041103231392 -0.00726855977365663 0.00087364343926311 0.00506301994251762 0.99998570814090659 0.00171736513033958 -0.00224851397797465 0.00725978249262375 -0.00175409872410854 0.99997210895895761 -0.00078770471736789 0.0 0.0 0.0 1.0
34 0.99996214428853891 -0.00522929990313828 -0.00695445270247374 0.00087597826495767 0.00523463246865102 0.99998601886061689 0.00074880318696670 -0.00224782014265656 0.00695043975486810 -0.00078517884440738 0.99997553714148268 -0.00078740500612184 0.0 0.0 0.0 1.0
35 0.99996339223315511 -0.00527788405544192 -0.00673484472419240 0.00087592820636928 0.00528372191913744 0.99998568036942570 0.00084931665384515 -0.00224794610403478 0.00673026568887863 -0.00088487060895032 0.99997695999846059 -0.00078710139496252 0.0 0.0 0.0 1.0
36 0.99996298222424529 -0.00505786855689540 -0.00696075763510572 0.00087542348774150 0.00506490631445016 0.99998667944855635 0.00099380555243169 -0.00224790116772056 0.00695563837612024 -0.00102902434926001 0.99997527979629042 -0.00078779098112136 0.0 0.0 0.0 1.0
37 0.99996754205699345 -0.00508029632460865 -0.00625343279722376 0.00087986065773293 0.00509589448483341 0.99998393828307741 0.00248093435342354 -0.00224812678061426 0.00624072847467908 -0.00251272066110034 0.99997736951542315 -0.00074432382825762 0.0 0.0 0.0 1.0
38 0.99996916297040306 -0.00511256158067467 -0.00596110915477136 0.00087415456073359 0.00512405843093174 0.99998503834990271 0.00191496776466669 -0.00224875030107796 0.00595122957612013 -0.00194545378437127 0.99998039884594991 -0.00078677607234567 0.0 0.0 0.0 1.0
39 0.99997036393234606 -0.00525686921781714 -0.00562464070308649 0.00087486056145281 0.00526620818193744 0.99998477735871716 0.00164684614390358 -0.00224875286221504 0.00561589782639836 -0.00167641786675090 0.99998282550988837 -0.00078222289448604 0.0 0.0 0.0 1.0
40 0.99997511679863249 -0.00523409617499815 -0.00472969563421545 0.00087152339983732 0.00525069459633465 0.99998007649280629 0.00350382986136615 -0.00225022505037487 0.00471126201961524 -0.00352857686217104 0.99998267642770211 -0.00078517477959394 0.0 0.0 0.0 1.0
41 0.99997407602023392 -0.00541781607286460 -0.00474284265811973 0.00087274139514193 0.00543197377355103 0.99998081451369780 0.00297729162912721 -0.00224991678260267 0.00472662124593499 -0.00300297744281024 0.99998432046611374 -0.00078500772360712 0.0 0.0 0.0 1.0
42 0.99997681964776719 -0.00517881331206096 -0.00442041398698621 0.00087532337056473 0.00518743748402989 0.99998465991885133 0.00194175676364005 -0.00224881898611784 0.00441029018170062 -0.00196464237424534 0.99998834469250442 -0.00078527902951464 0.0 0.0 0.0 1.0
43 0.99997667873732410 -0.00538290121176006 -0.00420313644976724 0.00087398895993829 0.00539391415493849 0.99998203815165865 0.00261324781530375 -0.00224956753663719 0.00418899409883614 -0.00263585822825655 0.99998775221491631 -0.00078462035162374 0.0 0.0 0.0 1.0
44 0.99997741298746001 -0.00536213377240695 -0.00405228778765403 0.00087638129480183 0.00536865905765832 0.99998430684484230 0.00160111335106493 -0.00224866159260273 0.00404363881049984 -0.00162283253823302 0.99999050765480935 -0.00078454916365445 0.0 0.0 0.0 1.0
45 0.99997779705400391 -0.00558493278849623 -0.00363509625316827 0.00088039337424561 0.00558482801085800 0.99998440396693777 -0.00003897406469148 -0.00224738870747387 0.00363525722761871 0.00001867181197557 0.99999339225629524 -0.00078370393021032 0.0 0.0 0.0 1.0
46 0.99997840226500267 -0.00552880212582700 -0.00355349835878988 0.00087624124716967 0.00553536774137035 0.99998298602996405 0.00184047672212368 -0.00224900036118925 0.00354326226806147 -0.00186010689217943 0.99999199261536553 -0.00078373413998634 0.0 0.0 0.0 1.0
47 0.99997914524905129 -0.00561726970051159 -0.00318674568938989 0.00087596650701016 0.00562395544657245 0.99998199524760067 0.00209291800189811 -0.00224928976967931 0.00317493182794508 -0.00211079647039111 0.99999273214666340 -0.00078321067849174 0.0 0.0 0.0 1.0
48 0.99998062712893299 -0.00544964927690865 -0.00300777153134088 0.00087995396461338 0.00545081499750859 0.99998507218326604 0.00037950822313705 -0.00224764901213348 0.00300565844516488 -0.00039589567714528 0.99999540463140335 -0.00078345072688535 0.0 0.0 0.0 1.0
49 0.99998000554577171 -0.00569463498494303 -0.00274948014487275 0.00087877979967743 0.00569738781683390 0.99998327530383402 0.00099442681044483 -0.00224838173016906 0.00274377126294799 -0.00101007178210351 0.99999572572799122 -0.00078266585478559 0.0 0.0 0.0 1.0
50 0.99998072079926492 -0.00589259909928989 -0.00195839363698222 0.00088287086691707 0.00589153457364619 0.99998249411351348 -0.00054889605957741 -0.00224717031233013 0.00196159377799179 0.00053734753347900 0.99999793170160001 -0.00078154017683119 0.0 0.0 0.0 1.0
51 0.99998598996654497 -0.00519810082033704 -0.00099980922723791 0.00088095793034881 0.00519874533923044 0.99998627962322628 0.00064312689012929 -0.00224767508916557 0.00099645247106345 -0.00064831563346027 0.99999929338440652 -0.00078224804019555 0.0 0.0 0.0 1.0
52 0.99998303142311862 -0.00573238723094762 -0.00103759455678971 0.00088267429964617 0.00573225009982966 0.99998356139486977 -0.00013508821285662 -0.00224740616977215 0.00103835187812894 0.00012913816910016 0.99999945257420508 -0.00078108388697729 0.0 0.0 0.0 1.0
53 0.99998414353983578 -0.00562143014572472 -0.00033495076923842 0.00088465888984501 0.00562117041180755 0.99998390356361244 -0.00077139930061518 -0.00224675354547799 0.00033928174500754 0.00076950425359944 0.99999964637548810 -0.00078071648022160 0.0 0.0 0.0 1.0
54 0.99998398887339113 -0.00565529351953691 -0.00019912827408558 0.00088169873924926 0.00565541138599374 0.99998383017801784 0.00059640972191456 -0.00224798754788935 0.00019575218218150 -0.00059752632503153 0.99999980232166752 -0.00078051281161606 0.0 0.0 0.0 1.0
55 0.99998296891532867 -0.00582404489993644 0.00037733312595678 0.00088251673150808 0.00582388042137398 0.99998294621558703 0.00043553970112184 -0.00224797404371202 -0.00037986329377404 -0.00043333474040371 0.99999983396242642 -0.00077962572686374 0.0 0.0 0.0 1.0
56 0.99998246969809634 -0.00585143687052349 0.00090608114774434 0.00088240875629708 0.00585083047500634 0.99998265898175176 0.00067046143684238 -0.00224819988943636 -0.00090998859814643 -0.00066514835625893 0.99999936474900597 -0.00077909667743370 0.0 0.0 0.0 1.0
57 0.99998196668691319 -0.00580623216831116 0.00153426496434041 0.00088499987032264 0.00580664213001426 0.99998310675671087 -0.00026288470999091 -0.00224733771756291 -0.00153271267596939 0.00027178889688918 0.99999878846059032 -0.00077864539343864 0.0 0.0 0.0 1.0
58 0.99998212096611472 -0.00555669205827236 0.00220928076089300 0.00088306580437347 0.00555485362387187 0.99998422104941131 0.00083740875310589 -0.00224811094813049 -0.00221389912332895 -0.00082512154980562 0.99999720890865496 -0.00077860866440460 0.0 0.0 0.0 1.0
59 0.99998198434786278 -0.00534253359651056 0.00273647848170532 0.00088476942619309 0.00534183128806145 0.99998569749760091 0.00026389150457897 -0.00224743597209454 -0.00273784919244432 -0.00024926894402874 0.99999622101625607 -0.00077862362377346 0.0 0.0 0.0 1.0
60 0.99998070392023064 -0.00522233523675269 0.00336437243404929 0.00088598037837073 0.00522254888711602 0.99998636090132575 -0.00005472152462911 -0.00224705808795989 -0.00336404077289541 0.00007229106822950 0.99999433898581636 -0.00077833712566644 0.0 0.0 0.0 1.0
61 0.99997970943267178 -0.00518121939091976 0.00370616898861770 0.00088407268049195 0.00517785790284902 0.99998617525292965 0.00091601886151475 -0.00224788091145456 -0.00371086384645656 -0.00089681025858536 0.99999271258388311 -0.00077813025563955 0.0 0.0 0.0 1.0
62 0.99997704290575851 -0.00530682558099765 0.00421322485839573 0.00088417524239048 0.00530245137928459 0.99998539201223380 0.00104869991382206 -0.00224809325300157 -0.00421872857918800 -0.00102633541875767 0.99999057443797101 -0.00077740015694872 0.0 0.0 0.0 1.0
63 0.99997308802220386 -0.00542986854073650 0.00493353412550980 0.00088591856183484 0.00542734371181153 0.99998513404032308 0.00052501294320928 -0.00224772375077009 -0.00493631153505423 -0.00049822282865951 0.99998769222548012 -0.00077648303704336 0.0 0.0 0.0 1.0
64 0.99997077785122956 -0.00529629580373416 0.00551295695306757 0.00088476832024753 0.00528952916550407 0.99998523996326372 0.00124126420284344 -0.00224824855104089 -0.00551944968400926 -0.00121206698384482 0.99998403315693618 -0.00077627535210922 0.0 0.0 0.0 1.0
65 0.99996846196868117 -0.00504258312411894 0.00613574962227139 0.00088528130436316 0.00503511916407721 0.99998656563429733 0.00123131065427073 -0.00224803993478417 -0.00614187617869288 -0.00120037759064767 0.99998041803359616 -0.00077629438601434 0.0 0.0 0.0 1.0
66 0.99996511044509762 -0.00488493581314572 0.00677608254267883 0.00088422436965629 0.00487198210823273 0.99998627538352947 0.00192687179465234 -0.00224852678366005 -0.00678540218858180 -0.00189379161404123 0.99997518562735432 -0.00077608932042494 0.0 0.0 0.0 1.0
67 0.99996075197993406 -0.00490264510562307 0.00737960504995484 0.00088555837282911 0.00489137784134101 0.99998684502364155 0.00154408629190006 -0.00224820128642023 -0.00738707807852651 -0.00150792925295109 0.99997157820951577 -0.00077551096910611 0.0 0.0 0.0 1.0
68 0.99995601633249109 -0.00493875809092090 0.00797333487158966 0.00088485615560785 0.00492244004357153 0.99998575277116897 0.00206490646186020 -0.00224868464283645 -0.00798341934715871 -0.00202556737684823 0.99996608047089752 -0.00077491084812209 0.0 0.0 0.0 1.0
69 0.99995059023613109 -0.00491935348307370 0.00863811598217845 0.00088742660591379 0.00490957909354343 0.99998728394270608 0.00115238275496334 -0.00224786391481757 -0.00864367511752017 -0.00110991630236982 0.99996202676214885 -0.00077435222920030 0.0 0.0 0.0 1.0
70 0.99994655990115322 -0.00483038411803091 0.00914028069163661 0.00088856293587014 0.00482307368305436 0.99998803133115999 0.00082167796552597 -0.00224750163033605 -0.00914414031483872 -0.00077754980771471 0.99995788917043860 -0.00077410106314346 0.0 0.0 0.0 1.0
71 0.99993729205340409 -0.00510074811512505 0.00996967048458358 0.00088703288929537 0.00508358681882133 0.99998555432416658 0.00174593471946840 -0.00224745436571538 -0.00997843203918505 -0.00169514355002383 0.99994877737931354 -0.00076532794628292 0.0 0.0 0.0 1.0
72 0.99993235633306610 -0.00496619759709619 0.01051758715814308 0.00088555685942993 0.00493980082266580 0.99998458780893695 0.00253426763048942 -0.00224909558892250 -0.01053001073289721 -0.00248214141763765 0.99994147721151572 -0.00077180832158774 0.0 0.0 0.0 1.0
73 0.99992696957919558 -0.00491297897799683 0.01104165502668441 0.00088752515148371 0.00489175401604582 0.99998613704870543 0.00194844888424691 -0.00224854913540184 -0.01105107464516656 -0.00189429352788440 0.99993714072496453 -0.00077224732376635 0.0 0.0 0.0 1.0
74 0.99992089504111392 -0.00514967980575608 0.01147538487703429 0.00088831491302699 0.00512995203628114 0.99998531409255309 0.00174791055932187 -0.00224855379201472 -0.01148421753030368 -0.00168890411691189 0.99993262790580084 -0.00077132566366345 0.0 0.0 0.0 1.0
75 0.99991527100416344 -0.00480576954261177 0.01209774325127893 0.00089049706002697 0.00479411007579383 0.99998801556719319 0.00099258781402482 -0.00224762060679495 -0.01210236841497283 -0.00093450580024073 0.99992632697497164 -0.00077152851736173 0.0 0.0 0.0 1.0
76 0.99991051527102803 -0.00477371683872323 0.01249692274006084 0.00088930333731696 0.00475329100039103 0.99998731914697048 0.00166366160053224 -0.00224818522110581 -0.01250470611781665 -0.00160411121783190 0.99992052641802898 -0.00077126099495217 0.0 0.0 0.0 1.0
77 0.99990392571134912 -0.00456553668546219 0.01308798005063678 0.00088892516214401 0.00453924323943692 0.99998762087884119 0.00203797936393043 -0.00224835122935474 -0.01309712250249625 -0.00197837404155002 0.99991227186103981 -0.00077121268259361 0.0 0.0 0.0 1.0
78 0.99989718663869387 -0.00471071118330481 0.01354346160227509 0.00088875443907455 0.00468035042385161 0.99998646482525255 0.00227255059431380 -0.00224866741336882 -0.01355398361865488 -0.00220892879949783 0.99990570063462680 -0.00077048729872331 0.0 0.0 0.0 1.0
79 0.99988944682743131 -0.00472891675378838 0.01409721495435309 0.00089013169053942 0.00470327344556525 0.99998722525666173 0.00185163235509450 -0.00224830908700824 -0.01410579108131613 -0.00178512459451198 0.99989891488497595 -0.00076994241680950 0.0 0.0 0.0 1.0
80 0.99988200838248886 -0.00461128094158807 0.01465282911516638 0.00088955904357135 0.00457806101159834 0.99998687589441748 0.00229986875645218 -0.00224861036986113 -0.01466324215085477 -0.00223251584553579 0.99988999655093314 -0.00076972501119599 0.0 0.0 0.0 1.0
81 0.99987352538241137 -0.00453752756641555 0.01524283710246601 0.00089106679661199 0.00451010149574262 0.99998814916604073 0.00183316992507912 -0.00224814098328352 -0.01525097452120341 -0.00176419133319868 0.99988214075714610 -0.00076935166725889 0.0 0.0 0.0 1.0
82 0.99986437909262582 -0.00445578021545359 0.01585463479205174 0.00089025893248618 0.00441818578689681 0.99998734668547007 0.00240543204140689 -0.00224857847206295 -0.01586515225487067 -0.00233505709243613 0.99987141395896728 -0.00076900818385184 0.0 0.0 0.0 1.0
83 0.99985826483174634 -0.00427867367292042 0.01628321833207351 0.00089124019723386 0.00424475510149236 0.99998875005499832 0.00211703036586884 -0.00224818754941225 -0.01629209322885404 -0.00204761203412996 0.99986517840315836 -0.00076901516877115 0.0 0.0 0.0 1.0
84 0.99984744548372051 -0.00438197641522452 0.01690810581866482 0.00089333730284125 0.00435893389791657 0.99998952060204038 0.00139942180036608 -0.00224763317964971 -0.01691406086521935 -0.00132550699664772 0.99985606842997643 -0.00076820125104859 0.0 0.0 0.0 1.0
85 0.99983835886809325 -0.00449154561010035 0.01740925483730653 0.00089786766329780 0.00449999505197006 0.99998977542348721 -0.00044619840425522 -0.00224608695134521 -0.01740707271456455 0.00052446784086647 0.99984834787731369 -0.00076744216494262 0.0 0.0 0.0 1.0
86 0.99982901857177231 -0.00456105112639546 0.01792011256742016 0.00089328264584765 0.00452997388510758 0.99998816531530521 0.00177441988553351 -0.00224809674546123 -0.01792799370835584 -0.00169293885073861 0.99983784735308012 -0.00076690746936947 0.0 0.0 0.0 1.0
87 0.99981735018073059 -0.00472254466383597 0.01851928317944335 0.00089300936087966 0.00468438180659571 0.99998681574017678 0.00210354769659749 -0.00224850745871663 -0.01852897311435186 -0.00201641209079391 0.99982629053131422 -0.00076602108310908 0.0 0.0 0.0 1.0
88 0.99980880200036937 -0.00477444342729019 0.01896217636627460 0.00089289341121912 0.00473150995170925 0.99998614199460845 0.00230838305217107 -0.00224872538819909 -0.01897293483262339 -0.00221822196776602 0.99981753697119091 -0.00076551653910428 0.0 0.0 0.0 1.0
89 0.99979913869972181 -0.00478206912139889 0.01946314646228340 0.00089266616851091 0.00473268154089205 0.99998546542563593 0.00258276265007320 -0.00224897009320557 -0.01947521452325061 -0.00249013099901927 0.99980723905504942 -0.00076506257755682 0.0 0.0 0.0 1.0
90 0.99978655706344821 -0.00482965586696979 0.02008767630720567 0.00089408847270533 0.00478712085391355 0.99998619799558497 0.00216501553451092 -0.00224863691255450 -0.02009785533698692 -0.00206839129308066 0.99979587815129156 -0.00076438055839390 0.0 0.0 0.0 1.0
91 0.99977966891844794 -0.00452537322977396 0.02049718552509295 0.00089269760064781 0.00446632121123829 0.99998574560224718 0.00292584469098390 -0.00224907067604363 -0.02051013388929672 -0.00283365302197727 0.99978562943182681 -0.00076473056105897 0.0 0.0 0.0 1.0
92 0.99977060358693892 -0.00447257486293985 0.02094603250028775 0.00089331535855308 0.00441476034592716 0.99998631917370795 0.00280559378870335 -0.00224892306141555 -0.02095829416951058 -0.00271247848186494 0.99977667124512837 -0.00076444318983704 0.0 0.0 0.0 1.0
93 0.99976250765333907 -0.00450518351890194 0.02132209211518725 0.00089224078692496 0.00443337726229407 0.99998434556285554 0.00341376555696682 -0.00224947952665389 -0.02133713797016109 -0.00331842593540573 0.99976683011217859 -0.00076406041625887 0.0 0.0 0.0 1.0
94 0.99975367454193675 -0.00447397176759308 0.02173876299420482 0.00089325528824702 0.00440747946698677 0.99998546443234437 0.00310564788362588 -0.00224918406456709 -0.02175234158989599 -0.00300906973195371 0.99975886149346282 -0.00076374481432140 0.0 0.0 0.0 1.0
95 0.99974109495791974 -0.00460634661085483 0.02228283247794487 0.00089284998830408 0.00453004507143483 0.99998370662452984 0.00347349638209474 -0.00224960548803210 -0.02229846954367626 -0.00337165484092345 0.99974567275864867 -0.00076297757914290 0.0 0.0 0.0 1.0
96 0.99973248487245536 -0.00454659115112578 0.02267790112974216 0.00089375022798777 0.00447495369931013 0.99998483953495310 0.00320865854263813 -0.00224932632409036 -0.02269214578075169 -0.00310631762038572 0.99973767424795312 -0.00076274661114439 0.0 0.0 0.0 1.0
97 0.99971652486703899 -0.00477664608191362 0.02332495573370142 0.00089333596406505 0.00469355539235944 0.99998244826777771 0.00361575637454636 -0.00224985554814339 -0.02334181752884392 -0.00350525442576687 0.99972139756327150 -0.00076166988583282 0.0 0.0 0.0 1.0
98 0.99970616549578539 -0.00450555349818952 0.02381769630733072 0.00089401303557679 0.00442380847452155 0.99998414678660186 0.00348368971818647 -0.00224953144788742 -0.02383301467070489 -0.00337730116317734 0.99971024864635616 -0.00076183286728337 0.0 0.0 0.0 1.0
99 0.99970025766678350 -0.00440597588258735 0.02408281955021572 0.00089461152674630 0.00432753369644509 0.99998516358571821 0.00330833198911199 -0.00224930094555020 -0.02409703867848342 -0.00320312112885356 0.99970449270870110 -0.00076181098120287 0.0 0.0 0.0 1.0
100 0.99968949348494207 -0.00453668948640064 0.02450173594510411 0.00089357502292842 0.00444209718513599 0.99998247526430184 0.00391368584298683 -0.00224992888979614 -0.02451906173607448 -0.00380363152576200 0.99969212660638607 -0.00076117273420095 0.0 0.0 0.0 1.0
101 0.99969528732399804 -0.00445081624572736 0.02428008931070462 0.00089616875629872 0.00438695819438159 0.99998677879700526 0.00268269062514888 -0.00224878569133580 -0.02429170846173178 -0.00257535743854769 0.99970159569447226 -0.00076150178210810 0.0 0.0 0.0 1.0
102 0.99967857201552646 -0.00437377654278400 0.02497243944335431 0.00089578650658950 0.00429791435324831 0.99998598764800517 0.00309070216236977 -0.00224908231757581 -0.02498560756136116 -0.00298237931828390 0.99968336228447463 -0.00076107541099191 0.0 0.0 0.0 1.0
103 0.99967254626743451 -0.00459749596077667 0.02517266910907363 0.00089476088760421 0.00450786884761733 0.99998330139181313 0.00361608296129795 -0.00224971189163625 -0.02518887368734356 -0.00350142377054684 0.99967657803608767 -0.00076042022556067 0.0 0.0 0.0 1.0
104 0.99966283381482524 -0.00477684122311071 0.02552254840807678 0.00089628610294312 0.00470032772012883 0.99998428061877620 0.00305703036830823 -0.00224935729056597 -0.02553675015809218 -0.00293603529927017 0.99966957245286059 -0.00075967353768647 0.0 0.0 0.0 1.0
105 0.99965202716551760 -0.00458280537960355 0.02597734549032353 0.00089719810057431 0.00451139374781722 0.99998588411467360 0.00280693744971620 -0.00224898848682642 -0.02598984244513828 -0.00268876667770568 0.99965859103167287 -0.00075968861347064 0.0 0.0 0.0 1.0
106 0.99963545682962762 -0.00476831300598840 0.02657473687731891 0.00089583056978881 0.00467371659589861 0.99998252361315088 0.00362061340876299 -0.00224984018132091 -0.02659153666494348 -0.00349509075009710 0.99964027255730648 -0.00075877993367612 0.0 0.0 0.0 1.0
107 0.99963448966245871 -0.00460700887915458 0.02663949223357571 0.00089795060921460 0.00453670810058217 0.99998606726759598 0.00269880534618723 -0.00224890932440758 -0.02665155449285204 -0.00257696330472273 0.99964146267711418 -0.00075903348624706 0.0 0.0 0.0 1.0
108 0.99963055335011530 -0.00476192947896859 0.02675968678030366 0.00089455558918417 0.00464978274101741 0.99998015173690602 0.00425154709442061 -0.00225038663484156 -0.02677940121444028 -0.00412554964484366 0.99963285435740068 -0.00075866380939260 0.0 0.0 0.0 1.0
109 0.99963381902030179 -0.00480031574621821 0.02663052458407845 0.00089533993741497 0.00469108632045853 0.99998033295071465 0.00416262187956538 -0.00224920408800244 -0.02664998273959299 -0.00403617151702440 0.99963667786824661 -0.00075161317363381 0.0 0.0 0.0 1.0
110 0.99962603941978689 -0.00491525353440412 0.02690021554937510 0.00089061405742541 0.00475405015519365 0.99997037772493402 0.00605331973172367 -0.00225207395851612 -0.02692917230499699 -0.00592317105485733 0.99961979558411218 -0.00075829413253814 0.0 0.0 0.0 1.0
111 0.99960858313806344 -0.00492543075554462 0.02753943805864535 0.00089737761300057 0.00483740172086891 0.99998297871422204 0.00326218123701126 -0.00224964134395123 -0.02755503694979492 -0.00312768503921175 0.99961539480191641 -0.00075754051795229 0.0 0.0 0.0 1.0
112 0.99958933993114696 -0.00525976088733898 0.02816889084471633 0.00089222996030003 0.00509921164286466 0.99997036177809695 0.00576832783420774 -0.00225208140909672 -0.02819839599400643 -0.00562231987614021 0.99958653451443380 -0.00075636984547600 0.0 0.0 0.0 1.0
113 0.99958543181171955 -0.00530334841750680 0.02829909901994630 0.00089485349599272 0.00517389887804298 0.99997582429874188 0.00464559882589804 -0.00225113471969962 -0.02832305209856422 -0.00449725623174038 0.99958870512136533 -0.00075608910992742 0.0 0.0 0.0 1.0
114 0.99957239822536592 -0.00511514672127336 0.02878985897865049 0.00089578685583547 0.00499056895250388 0.99997787859828646 0.00439733278264530 -0.00225077290087938 -0.02881171510898024 -0.00425177469897797 0.99957581377521754 -0.00075605709571391 0.0 0.0 0.0 1.0
115 0.99956000011231472 -0.00514122526046214 0.02921256541782173 0.00089586782269180 0.00501167530584295 0.99997728827594001 0.00450622268940208 -0.00225088628940284 -0.02923506945601690 -0.00435783605920004 0.99956306453309030 -0.00075562734855339 0.0 0.0 0.0 1.0
116 0.99955139640819557 -0.00488756945876494 0.02954856347121440 0.00089354516239837 0.00472249233809620 0.99997286567773747 0.00565384598042639 -0.00225169351324439 -0.02957539525590927 -0.00551176678021750 0.99954735576780818 -0.00075596926035360 0.0 0.0 0.0 1.0
117 0.99954584131425495 -0.00485117688731276 0.02974184248137660 0.00089741236297414 0.00473428202096241 0.99998079519421690 0.00399947702686788 -0.00225022155791521 -0.02976067346558219 -0.00385685435950781 0.99954961207001902 -0.00075577409006655 0.0 0.0 0.0 1.0
118 0.99953415304252702 -0.00468254256521040 0.03015875820857824 0.00089730595936999 0.00455823877122784 0.99998083684312200 0.00418908174116637 -0.00225025811232626 -0.03017779582512560 -0.00404965944922422 0.99953634295981586 -0.00075579126132652 0.0 0.0 0.0 1.0
119 0.99952115516923823 -0.00470812405056596 0.03058257571030528 0.00089650775771588 0.00456681303810068 0.99997857924642486 0.00468884495128440 -0.00225071259774268 -0.03060399627217180 -0.00454693481662471 0.99952124579517920 -0.00075538526289165 0.0 0.0 0.0 1.0
120 0.99951549046877386 -0.00443868908635710 0.03080718020463909 0.00089741311967373 0.00430629648237310 0.99998121212077773 0.00436247820238012 -0.00225022295489907 -0.03082596508744460 -0.00422769968836423 0.99951582600365707 -0.00075576914241537 0.0 0.0 0.0 1.0
121 0.99949000004494171 -0.00415809628115785 0.03166149152329168 0.00088696600869298 0.00386128332017789 0.99994808190356987 0.00942995166972413 -0.00225414033047855 -0.03169905836589102 -0.00930288840568553 0.99945416401455234 -0.00075359747279435 0.0 0.0 0.0 1.0
122 0.99948812865831416 -0.00438715460892465 0.03168964413714503 0.00089109916007146 0.00415328742887662 0.99996368288514348 0.00744198322449462 -0.00225282763130963 -0.03172114239170203 -0.00730655768593631 0.99947005124723365 -0.00075502484105527 0.0 0.0 0.0 1.0
123 0.99946525686119092 -0.00421331514666269 0.03242604358951319 0.00089161808136851 0.00397935399722249 0.99996560893413455 0.00727637895869263 -0.00225247605703771 -0.03245558610099186 -0.00714345325879705 0.99944765045818229 -0.00075428211130202 0.0 0.0 0.0 1.0
124 0.99943965835488968 -0.00412354292063456 0.03321694900564033 0.00089273793855682 0.00388830062105163 0.99996692534156506 0.00714348242927680 -0.00225226627662778 -0.03324530682279764 -0.00701032215513249 0.99942263580406232 -0.00075053150067106 0.0 0.0 0.0 1.0
125 0.99941013361823783 -0.00356420447729257 0.03415671628859651 0.00088993733515963 0.00327428464224145 0.99995817190902103 0.00854011079847690 -0.00225441972725093 -0.03418572627950456 -0.00842323446264721 0.99938000042022546 -0.00075260392623022 0.0 0.0 0.0 1.0
126 0.99937548461809966 -0.00394031566604899 0.03511573232598963 0.00089301663683727 0.00369342558961314 0.99996802451940459 0.00709285176595923 -0.00225216872058809 -0.03514255755850242 -0.00695872482655903 0.99935808236939561 -0.00074905023211613 0.0 0.0 0.0 1.0
127 0.99934807855805030 -0.00420461605138038 0.03585720410452910 0.00089599698549137 0.00396654784214634 0.99996963485052504 0.00670789647533042 -0.00225207232870162 -0.03588431942435788 -0.00656129413822155 0.99933441101499276 -0.00075193087104708 0.0 0.0 0.0 1.0
128 0.99931391607171394 -0.00345687671022192 0.03687474947475335 0.00088880385737866 0.00310399317138987 0.99994888266440962 0.00962274828677816 -0.00225519994273782 -0.03690612919025052 -0.00950168730326631 0.99927356392860900 -0.00074341037543491 0.0 0.0 0.0 1.0
129 0.99927137768563723 -0.00287657393617878 0.03805836387231751 0.00088364986004308 0.00242491325297169 0.99992615190068790 0.01190842310290523 -0.00225814292207360 -0.03808980879400143 -0.01180745812916319 0.99920455883595927 -0.00075042288517579 0.0 0.0 0.0 1.0
130 0.99925434441075534 -0.00415023619489630 0.03838659552184995 0.00089750642655417 0.00387752746506041 0.99996673439389272 0.00717599375499093 -0.00225230772048235 -0.03841510063749984 -0.00702179785671300 0.99923719626416529 -0.00074519345071167 0.0 0.0 0.0 1.0
131 0.99924373020683332 -0.00389766377278907 0.03868818759579591 0.00089232018217444 0.00354049585772753 0.99995052167203702 0.00929618722393222 -0.00225407769903541 -0.03872250678112954 -0.00915218143041724 0.99920808896027768 -0.00075027090497315 0.0 0.0 0.0 1.0
132 0.99925156142618843 -0.00495914866579620 0.03836305295247951 0.00089555990416557 0.00466602494499463 0.99995926351082842 0.00772654710035757 -0.00225351192057133 -0.03839980727213228 -0.00754176129242287 0.99923399493715725 -0.00074787205085158 0.0 0.0 0.0 1.0
133 0.99916823788952080 -0.00320219534388150 0.04065191677804724 0.00088641274487600 0.00270256757318374 0.99992021451150181 0.01233939786960410 -0.00225604581646621 -0.04068818650741306 -0.01221926987391792 0.99909717291286837 -0.00075658847345039 0.0 0.0 0.0 1.0
134 0.99926157192170662 -0.00143324556562285 0.03839605041809264 0.00114056805614382 0.00061849904382050 0.99977457503031886 0.02122302009324756 -0.00227567134425044 -0.03841781278902903 -0.02118360049883444 0.99903719987316442 -0.00071141903754324 0.0 0.0 0.0 1.0
135 0.99909291375366727 -0.00331271190601430 0.04245439467282013 0.00088482379214838 0.00279689155550490 0.99992162133405094 0.01220363004642497 -0.00225841253995895 -0.04249149426455338 -0.01207381996350004 0.99902387147988359 -0.00074106338433921 0.0 0.0 0.0 1.0
136 0.99917937661998024 -0.00114527617655346 0.04048779667736065 0.00112518295645714 0.00009192209748825 0.99966170774464402 0.02600887578097349 -0.00228017033077776 -0.04050388731511916 -0.02598381056622633 0.99884146725134648 -0.00069039710797369 0.0 0.0 0.0 1.0
137 0.99914424578233485 -0.00070096029712633 0.04135558940108364 0.00113088253419846 -0.00022967017684918 0.99974694945488729 0.02249409494193620 -0.00227389414794743 -0.04136089181411633 -0.02248434367084853 0.99889125079661800 -0.00066345592495054 0.0 0.0 0.0 1.0
138 0.99905709687369226 -0.00064791826094741 0.04341079806035804 0.00106269575189799 -0.00026707319530198 0.99977800108251103 0.02106839394370026 -0.00220068916678429 -0.04341481150734626 -0.02106012234973305 0.99883513423807635 0.00032506289426237 0.0 0.0 0.0 1.0
139 0.99915165304953457 -0.00090311024499106 0.04117230380082620 0.00117606320418417 -0.00000375655954310 0.99975751408267466 0.02202074070321840 -0.00222907704301178 -0.04118220725350203 -0.02200221414120659 0.99890936945181052 -0.00013529890566133 0.0 0.0 0.0 1.0
140 0.99899190206362154 0.00092059243779092 0.04488131148787251 0.00101040501613170 -0.00217769506847237 0.99960642872702032 0.02796864837280183 -0.00224873539991677 -0.04483789976678999 -0.02803819104678762 0.99860073231864166 -0.00024874505470507 0.0 0.0 0.0 1.0
141 0.99936563317292426 -0.00169766231748596 0.03557315245428639 0.00157901982311159 0.00115462316250368 0.99988258109964023 0.01528040768021238 -0.00212091836147010 -0.03559491646615740 -0.01522964071068886 0.99925024891945380 0.00245663244277239 0.0 0.0 0.0 1.0
142 0.99923232949493046 -0.00040963296705290 0.03917376536620373 0.00137611373793334 -0.00018690364195772 0.99988410462262223 0.01522308740187078 -0.00214552972465754 -0.03917546118634344 -0.01521872280609241 0.99911644652512266 0.00266323355026543 0.0 0.0 0.0 1.0
143 0.99948026621114616 -0.00124771054920311 0.03221243040941880 0.00187751441262662 0.00071903251416634 0.99986494704951423 0.01641860694199589 -0.00204183813184500 -0.03222856569473444 -0.01638691185237753 0.99934618059669522 0.00381388259120286 0.0 0.0 0.0 1.0
144 0.99944585237046180 -0.00135951074328846 0.03325868172402258 0.00184613454621285 0.00080253524494390 0.99985931326409150 0.01675439095401009 -0.00200167670845985 -0.03327678044314945 -0.01671841528369467 0.99930633465106189 0.00411383528262377 0.0 0.0 0.0 1.0
145 0.99943152888006004 -0.00372608454743537 0.03350724361105624 0.00187604269012809 0.00325461565687885 0.99989509282441247 0.01411420641004417 -0.00185445835813880 -0.03355631918717106 -0.01399712969164380 0.99933880831427924 0.00452066306024790 0.0 0.0 0.0 1.0
146 0.99940077122818693 -0.00258451047170260 0.03451693459921471 0.00185973732732236 0.00204425755130174 0.99987500360401871 0.01567795200042404 -0.00192167854402214 -0.03455313993790943 -0.01559799581630006 0.99928113313869082 0.00474247708916664 0.0 0.0 0.0 1.0
147 0.99947224985642436 -0.00289193172819721 0.03235519274887619 0.00204253219999373 0.00226631755867714 0.99981009014964251 0.01935581152231161 -0.00189083581790328 -0.03240502386452933 -0.01927226934856052 0.99928899426667162 0.00534620648249984 0.0 0.0 0.0 1.0
148 0.99929916905632354 -0.00385940098019005 0.03723272414711315 0.00180688989348710 0.00318636373880540 0.99983076138012295 0.01811893165081464 -0.00185142259579152 -0.03729635115483740 -0.01798759634072809 0.99914234649944533 0.00531507842242718 0.0 0.0 0.0 1.0
149 0.99935803172403070 -0.00398594132128406 0.03560388603024408 0.00195680442266166 0.00330517326949477 0.99981098554194081 0.01915904536534967 -0.00182646710891277 -0.03567352321161938 -0.01902906885362996 0.99918231283396608 0.00576702831313014 0.0 0.0 0.0 1.0
150 0.99933504774566162 -0.00431588992952841 0.03620546148431630 0.00195616995915771 0.00361754823670465 0.99980658103095610 0.01933168052564254 -0.00180877570528537 -0.03628189206658372 -0.01918785087774521 0.99915737033100160 0.00595195032656193 0.0 0.0 0.0 1.0
